72

0 + 1
1

1 + 1
2

2 B 2
3 45

3 + 1
4

4 + 1
5

5 - 1
6

6 M 1
7

7 + 1
8

8 + 1
9

9 A 1
10

10 + 1
11

11 - 1
48

12 + 1
11

13 B 2
12 54

14 + 1
13

15 I 1
14

16 B 2
15 17

17 T 1
18

18 - 1
19

19 A 1
20

20 + 1
21

21 I 1
22

22 + 1
23

23 + 1
24

24 M 1
25

25 - 1
26

26 - 1
27

27 S 1
28

28 + 1
29

29 I 1
62

30 + 1
29

31 B 2
30 32

32 + 1
33

33 I 1
34

34 + 1
35

35 - 1
36

36 A 1
37

37 T 1
38

38 S 1
39

39 + 1
40

40 - 1
69

41 + 1
40

42 B 2
41 71

43 - 1
42

44 I 1
43

45 + 1
44

46 + 1
45

47 S 1
46

48 B 2
47 49

49 + 1
50

50 B 2
51 63

51 A 1
52

52 + 1
55

53 + 1
52

54 I 1
53

55 - 1
56

56 B 2
23 57

57 S 1
58

58 + 1
59

59 H 1
16

60 - 1
55

61 B 2
60 70

62 A 1
61

63 M 1
64

64 + 1
65

65 + 1
66

66 - 1
31

67 H 1
64

68 I 1
67

69 + 1
68

70 + 1
65

71 - 1
0